,geoName,geoCode,a,the,and,be,of,in,to,Я йду,Я збираюся,Збиратися,від'їжджаючи від,переїзд до,відхід від,Подорожі,напрями до,як дістатися,як піти,найшвидший вихід за межі України,подорожувати,консультації з питань подорожей,Бігти,як далеко,більше не може залишатися тут,Я тут не в безпеці,небезпечна територія,будинок зруйнований,будинок згорів,де безпечно,безпечні місця для поїздки,який найбезпечніший маршрут до,мирний район України,де найбезпечніше місце в Україні,"областей, яких слід уникати в україні",притулки біля мене,табори біженців поблизу,екстрена допомога біля мене,допомога сша поруч зі мною,гуманітарна допомога ООН,американський червоний хрест,аварійне укриття,гуманітарна допомога поруч зі мною,де знаходиться найближча військова база,безпечний притулок,зона безпеки,перетин кордону,який кордон я повинен перетнути,легкий перетин кордону,притулок,як подати заяву про надання притулку,віза,як отримати візу,де отримати візу,паспорт,як отримати паспорт,де отримати паспорт,посольство біля мене,консульство біля мене,тимчасовий захист,"гостинні країни, що межують з Україною",де прогулятися через кордон?,як ви перетинаєте кордон?,дорожні умови,дорога закрита,дорога перекрита,трафік,найдешевші квитки на,найшвидші квитки на,бронювання квитка на,квитки на літак,рейси до,рейси за межі України,аеропорт біля мене,аеропорт,wizz air,ryanair,міжнародні авіалінії України,yanair,скайап,"авіакомпанії ""мотор січ""",авіакомпанії Jonika,bravo airways,бджолина авіакомпанія,іса повітря,повітряні океанські авіалінії,наступний рейс до,квитки на човен,човнів до,Одеський порт,порт Південний,Миколаївський порт,порт Чорноморськ,порт Рені,порт Ізмаїл,порт Усть-Дунайськ,Поромі,укрферрі,морський порт Батумі,як перетнути Чорне море,найшвидший шлях через Чорне море,квитки на автобус,Центральний автовокзал Києва,аль-транс,бенц експрес,наступного автобуса до,прокат автомобілів,квитки на поїзд,Укрзалізниця,залізничний вокзал біля мене,дарниця,залізниці України,наступним поїздом до,гуртожиток,готель,Мотель,тимчасове житло,airbnb,домовик,додому,Банкомат,зняття готівки,обмін валюти,ломбард,банки відкриті,кредитні картки,продуктові магазини біля мене,метро,станція метро «Хрещатик»
0,Cherkas'ka oblast,UA-71,0.75,1.0,0.53125,0.21875,0.625,0.861111111111111,0.9166666666666666,0.0,0.0,0.0,0.0,0.0,0.0,0.0,0.0,0.0,0.0,0.0,0.0,0.0,0.0,0.0,0.0,0.0,0.0,0.0,0.0,0.0,0.0,0.0,0.0,0.0,0.0,0.0,0.0,0.0,0.0,0.0,0.0,0.0,0.0,0.0,0.0,0.0,0.0,0.0,0.0,0.0,0.0,0.0,0.0,0.0,0.14942528735632182,0.0,0.0,0.0,0.0,0.0,0.0,0.0,0.0,0.0,0.0,0.0,0.0,0.0,0.0,0.0,0.0,0.0,0.0,0.0,0.041666666666666664,0.0,0.0,0.0,0.0,0.0,0.0,0.0,0.0,0.0,0.0,0.0,0.0,0.0,0.0,0.0,0.0,0.0,0.0,0.0,0.0,0.0,0.0,0.0,0.0,0.0,0.0,0.0,0.0,0.0,0.0,0.0,0.0,0.0,0.07526881720430108,0.0,0.0,0.0,0.0,0.0,0.14942528735632182,0.0,0.0,0.041666666666666664,0.0,0.0,0.041666666666666664,0.0,0.0,0.12359550561797752,0.0,0.0,0.0,0.07526881720430108,0.0
1,Chernihivs'ka oblast,UA-74,0.6111111111111112,1.0,0.6111111111111112,0.027777777777777776,0.5277777777777778,0.717948717948718,0.8461538461538463,0.0,0.0,0.0,0.0,0.0,0.0,0.0,0.0,0.0,0.0,0.0,0.0,0.0,0.0,0.0,0.0,0.0,0.0,0.0,0.0,0.0,0.0,0.0,0.0,0.0,0.0,0.0,0.0,0.0,0.0,0.0,0.0,0.0,0.0,0.0,0.0,0.0,0.0,0.0,0.0,0.0,0.0,0.0,0.0,0.0,0.23456790123456792,0.0,0.0,0.0,0.0,0.0,0.0,0.0,0.0,0.0,0.0,0.0,0.0,0.0,0.0,0.0,0.0,0.0,0.0,0.0,0.030927835051546393,0.0,0.0,0.0,0.0,0.0,0.0,0.0,0.0,0.0,0.0,0.0,0.0,0.0,0.0,0.0,0.0,0.0,0.0,0.0,0.0,0.0,0.0,0.0,0.0,0.0,0.0,0.0,0.0,0.0,0.0,0.0,0.0,0.0,0.07526881720430106,0.0,0.0,0.0,0.0,0.0,0.030927835051546393,0.0,0.0,0.0,0.0,0.030927835051546393,0.0,0.0,0.0,0.0,0.0,0.0,0.0,0.1111111111111111,0.0
2,Chernivets'ka oblast,UA-77,0.75,1.0,0.625,0.09375,0.65625,0.9428571428571428,0.9142857142857143,0.0,0.0,0.0,0.0,0.0,0.0,0.030927835051546393,0.0,0.0,0.0,0.0,0.0,0.0,0.0,0.0,0.0,0.0,0.0,0.0,0.0,0.0,0.0,0.0,0.0,0.0,0.0,0.0,0.0,0.0,0.0,0.0,0.0,0.0,0.0,0.0,0.0,0.0,0.0,0.0,0.0,0.0,0.0,0.0,0.0,0.0,0.16279069767441862,0.0,0.0,0.0,0.0,0.0,0.0,0.0,0.0,0.0,0.0,0.0,0.06382978723404255,0.0,0.0,0.0,0.0,0.0,0.0,0.0,0.21951219512195122,0.0,0.030927835051546393,0.0,0.0,0.0,0.0,0.0,0.0,0.0,0.0,0.0,0.0,0.0,0.0,0.0,0.0,0.0,0.0,0.0,0.0,0.0,0.0,0.0,0.0,0.0,0.0,0.0,0.0,0.0,0.0,0.0,0.0,0.0,0.0,0.0,0.0,0.0,0.0,0.0,0.12359550561797752,0.0,0.0,0.030927835051546393,0.0,0.06382978723404255,0.0,0.0,0.0,0.0,0.0,0.0,0.0,0.16279069767441862,0.0
3,Crimea,UA-43,0.6826503923278118,0.7837837837837839,0.32868352223190933,0.025283347863993028,0.7079337401918048,1.0,0.918918918918919,0.0,0.0,0.0,0.0,0.0,0.0,0.0,0.0,0.0,0.0,0.0,0.0,0.0,0.0,0.0,0.0,0.0,0.0,0.0,0.0,0.0,0.0,0.0,0.0,0.0,0.0,0.0,0.0,0.0,0.0,0.0,0.0,0.0,0.0,0.0,0.0,0.0,0.0,0.0,0.0,0.0,0.0,0.0,0.0,0.0,0.16053402800390754,0.0,0.0,0.0,0.0,0.0,0.0,0.0,0.0,0.0,0.0,0.0,0.0,0.0,0.0,0.0,0.0,0.0,0.0,0.0,0.0,0.0,0.0,0.0,0.0,0.0,0.0,0.0,0.0,0.0,0.0,0.0,0.0,0.0,0.0,0.0,0.0,0.0,0.0,0.0,0.0,0.0,0.0,0.0,0.0,0.0,0.0,0.0,0.0,0.0,0.0,0.0,0.0,0.0,0.007917007917007918,0.0,0.0,0.0,0.0,0.0,0.0,0.0,0.0,0.0,0.0,0.0,0.0,0.0,0.0,0.007917007917007918,0.0,0.0,0.0,0.024240735580941766,0.0
4,Dnipropetrovsk Oblast,UA-12,0.5294117647058824,1.0,0.5,0.058823529411764705,0.8529411764705882,0.9444444444444443,0.8333333333333333,0.0,0.0,0.0,0.0,0.0,0.0,0.0,0.0,0.0,0.0,0.0,0.0,0.0,0.0,0.0,0.0,0.0,0.0,0.0,0.0,0.0,0.0,0.0,0.0,0.0,0.0,0.0,0.0,0.0,0.0,0.0,0.0,0.0,0.0,0.0,0.0,0.0,0.0,0.0,0.0,0.0,0.0,0.0,0.0,0.0,0.20481927710843373,0.0,0.0,0.0,0.0,0.0,0.0,0.0,0.0,0.0,0.0,0.0,0.0,0.0,0.0,0.0,0.0,0.0,0.0,0.0,0.030927835051546386,0.0,0.05263157894736842,0.0,0.0,0.0,0.0,0.0,0.0,0.0,0.0,0.0,0.0,0.0,0.0,0.0,0.0,0.0,0.0,0.0,0.0,0.0,0.0,0.0,0.0,0.0,0.0,0.0,0.0,0.0,0.0,0.0,0.0,0.0,0.06382978723404256,0.0,0.0,0.0,0.0,0.0,0.0101010101010101,0.0,0.0,0.0101010101010101,0.0,0.010416666666666668,0.03125,0.0,0.0,0.05263157894736842,0.0,0.0,0.0,0.14942528735632185,0.0
5,Donetsk Oblast,UA-14,0.5287175452399685,0.6829268292682926,0.3745082612116443,0.044059795436664044,0.5727773406766326,1.0,0.7560975609756099,0.0,0.0,0.0,0.0,0.0,0.0,0.0,0.0,0.0,0.0,0.0,0.0,0.0,0.006898250800689825,0.0,0.0,0.0,0.0,0.0,0.0,0.0,0.0,0.0,0.0,0.0,0.0,0.0,0.0,0.0,0.0,0.0,0.0,0.0,0.0,0.0,0.0,0.0,0.0,0.0,0.0,0.0,0.0,0.0,0.0,0.0,0.22764227642276422,0.0,0.0,0.0,0.0,0.0,0.0,0.0,0.0,0.0,0.0,0.0,0.0,0.0,0.0,0.0,0.0,0.0,0.0,0.0,0.006898250800689825,0.0,0.006898250800689825,0.0,0.0,0.0,0.0,0.0,0.0,0.0,0.0,0.0,0.0,0.0,0.0,0.0,0.0,0.0,0.0,0.0,0.0,0.0,0.0,0.0,0.0,0.0,0.0,0.0,0.0,0.0,0.0,0.0,0.0,0.0,0.05140309467610804,0.0,0.0,0.0,0.0,0.0,0.0,0.0,0.0,0.0,0.0,0.0,0.0,0.0,0.0,0.013937282229965157,0.0,0.0,0.0,0.09312638580931264,0.0
6,Ivano-Frankivs'ka oblast,UA-26,0.5526315789473685,1.0,0.42105263157894735,0.10526315789473684,0.5526315789473685,0.7567567567567567,0.9459459459459459,0.0,0.0,0.0,0.0,0.0,0.0,0.0101010101010101,0.0,0.0,0.0,0.0,0.0,0.0,0.0,0.0,0.0,0.0,0.0,0.0,0.0,0.0,0.0,0.0,0.0,0.0,0.0,0.0,0.0,0.0,0.0,0.0,0.0,0.0,0.0,0.0,0.0,0.0,0.05263157894736842,0.0,0.0,0.0101010101010101,0.0,0.048192771084337345,0.0,0.0,0.15662650602409636,0.0,0.0,0.0,0.0,0.0,0.0,0.0,0.0,0.0,0.0,0.0,0.0,0.0,0.0,0.0,0.0101010101010101,0.0,0.0,0.0,0.0989010989010989,0.0,0.05263157894736842,0.0,0.0,0.0,0.0,0.0,0.0,0.0,0.0,0.0,0.0,0.0,0.0,0.0,0.0,0.0,0.0,0.0,0.0,0.0,0.0,0.0,0.0,0.0,0.0,0.0,0.0,0.0,0.0,0.0,0.0,0.0,0.12359550561797751,0.0,0.0,0.0,0.0,0.0,0.28205128205128205,0.0,0.0,0.0,0.0,0.08791208791208792,0.0,0.01098901098901099,0.0,0.030927835051546393,0.0,0.0,0.0,0.08695652173913043,0.0
7,Kharkiv Oblast,UA-63,0.48333333333333334,0.7631578947368421,0.45789473684210524,0.10175438596491228,0.737719298245614,0.868421052631579,1.0,0.0,0.0,0.0,0.0,0.0,0.0,0.0,0.0,0.0,0.0,0.0,0.0,0.0,0.0,0.0,0.0,0.0,0.0,0.0,0.0,0.0,0.0,0.0,0.0,0.0,0.0,0.0,0.0,0.0,0.0,0.0,0.0,0.0,0.0,0.0,0.0,0.0,0.0,0.0,0.0,0.0,0.0,0.0,0.0,0.0,0.10406698564593302,0.0,0.0,0.0,0.0,0.0,0.0,0.0,0.0,0.0,0.0,0.0,0.0,0.0,0.0,0.0,0.0,0.0,0.0,0.0,0.0,0.016066481994459834,0.024099722991689748,0.0,0.0,0.007708665603402446,0.0,0.0,0.0,0.0,0.0,0.0,0.0,0.0,0.0,0.0,0.0,0.0,0.0,0.0,0.0,0.0,0.0,0.0,0.0,0.0,0.0,0.0,0.0,0.0,0.0,0.0,0.0,0.0,0.057441992076966604,0.0,0.0,0.0,0.0,0.0,0.0,0.007949561403508772,0.0,0.023848684210526317,0.0,0.015899122807017545,0.015899122807017545,0.0,0.0,0.02360282148670646,0.0,0.0,0.0,0.2822638788752703,0.0
8,Khersons'ka oblast,UA-65,0.7575757575757576,1.0,0.5454545454545454,0.18181818181818182,0.5454545454545454,0.9487179487179487,0.6153846153846153,0.0,0.0,0.0,0.0,0.0,0.0,0.03092783505154639,0.0,0.0,0.0,0.0,0.0,0.0,0.0,0.0,0.0,0.0,0.0,0.0,0.0,0.0,0.0,0.0,0.0,0.0,0.0,0.0,0.0,0.0,0.0,0.0,0.0,0.0,0.0,0.0,0.0,0.0,0.0,0.0,0.0,0.0,0.0,0.0,0.0,0.0,0.1764705882352941,0.0,0.0,0.0,0.0,0.0,0.0,0.0,0.0,0.0,0.0,0.0,0.0,0.0,0.0,0.0,0.0,0.0,0.0,0.0,0.0,0.0,0.0,0.0,0.0,0.0,0.0,0.0,0.0,0.0,0.0,0.0,0.0,0.0,0.0,0.0,0.0,0.0,0.0,0.0,0.0,0.0,0.0,0.0,0.0,0.0,0.0,0.0,0.0,0.0,0.0,0.0,0.0,0.0,0.052631578947368425,0.0,0.0,0.0,0.0,0.0,0.03092783505154639,0.0,0.0,0.0,0.0,0.0,0.0,0.0,0.0,0.0,0.0,0.0,0.0,0.03092783505154639,0.0
9,Khmel'nyts'ka oblast,UA-68,0.5113221329437546,0.9459459459459459,0.3579254930606282,0.12783053323593865,0.6135865595325055,1.0,0.7567567567567568,0.0,0.0,0.0,0.0,0.0,0.0,0.0,0.0,0.0,0.0,0.0,0.0,0.0,0.019305019305019305,0.0,0.0,0.0,0.0,0.0,0.0,0.0,0.0,0.0,0.0,0.0,0.0,0.0,0.0,0.0,0.0,0.0,0.0,0.0,0.0,0.0,0.0,0.0,0.0,0.0,0.0,0.0,0.0,0.03887449092928545,0.0,0.0,0.3109959274342836,0.0,0.0,0.0,0.0,0.0,0.0,0.0,0.0,0.0,0.0,0.0,0.039414414414414414,0.0,0.0,0.0,0.0,0.0,0.0,0.0,0.019305019305019305,0.0,0.0,0.0,0.0,0.0,0.0,0.0,0.0,0.0,0.0,0.0,0.0,0.0,0.0,0.0,0.0,0.0,0.0,0.0,0.0,0.0,0.0,0.0,0.0,0.0,0.0,0.0,0.0,0.0,0.0,0.0,0.0,0.0,0.1051051051051051,0.0,0.0,0.0,0.0,0.0,0.1669316375198728,0.019305019305019305,0.0,0.0,0.0,0.06306306306306307,0.04204204204204204,0.0,0.0,0.0,0.0,0.0,0.0,0.0,0.0
10,Kirovohrads'ka oblast,UA-35,0.6162162162162161,0.9729729729729729,0.5837837837837837,0.09729729729729729,0.9729729729729729,1.0,0.7297297297297297,0.0,0.0,0.0,0.0,0.0,0.0,0.0,0.0,0.0,0.0,0.0,0.0,0.0,0.0,0.0,0.0,0.0,0.0,0.0,0.0,0.0,0.0,0.0,0.0,0.0,0.0,0.0,0.0,0.0,0.0,0.0,0.0,0.0,0.0,0.0,0.0,0.0,0.0,0.0,0.0,0.0,0.0,0.0,0.0,0.0,0.12025508654722136,0.0,0.0,0.0,0.0,0.0,0.0,0.0,0.0,0.0,0.0,0.0,0.0,0.0,0.0,0.0,0.0,0.0,0.0,0.0,0.040540540540540536,0.0,0.07323452484742805,0.0,0.0,0.0,0.0,0.0,0.0,0.0,0.0,0.0,0.0,0.0,0.0,0.0,0.0,0.0,0.0,0.0,0.0,0.0,0.0,0.0,0.0,0.0,0.0,0.0,0.0,0.0,0.0,0.0,0.0,0.0,0.3243243243243243,0.0,0.0,0.0,0.0,0.0,0.0,0.0,0.0,0.0,0.0,0.040540540540540536,0.0,0.0,0.0,0.07323452484742805,0.0,0.0,0.0,0.19928362097036795,0.0
11,Kyiv city,UA-30,0.453125,0.7631578947368421,0.4054276315789474,0.09539473684210527,0.6677631578947368,0.868421052631579,1.0,0.0,0.0,0.0,0.0,0.0,0.0,0.0,0.0,0.0,0.0,0.0,0.0,0.0,0.0,0.0,0.0,0.0,0.0,0.0,0.0,0.0,0.0,0.0,0.0,0.0,0.0,0.0,0.0,0.0,0.0,0.0,0.0,0.0,0.0,0.0,0.0,0.0,0.0,0.0,0.0,0.0,0.0,0.0,0.0,0.0,0.11403508771929824,0.0,0.0,0.0,0.0,0.0,0.0,0.0,0.0,0.0,0.0,0.0,0.0,0.0,0.0,0.0,0.0,0.0,0.0,0.0,0.03179824561403509,0.0,0.048712206047032476,0.0,0.0,0.0,0.0,0.0,0.0,0.0,0.0,0.0,0.0,0.0,0.0,0.0,0.0,0.0,0.0,0.0,0.0,0.0,0.0,0.0,0.0,0.0,0.0,0.0,0.0,0.0,0.0,0.0,0.0,0.0,0.1362781954887218,0.0,0.009085213032581453,0.0,0.0,0.0,0.05744199207696661,0.0,0.0,0.015574650912996778,0.0,0.016066481994459834,0.02409972299168975,0.0,0.0,0.04016620498614958,0.0,0.0,0.0,0.39314194577352474,0.0
12,Kyivs'ka oblast,UA-32,0.62,0.775,0.36166666666666664,0.10333333333333333,0.7233333333333333,0.725,1.0,0.0,0.0,0.0,0.0,0.0,0.0,0.0,0.0,0.0,0.0,0.0,0.0,0.0,0.0,0.0,0.0,0.0,0.0,0.0,0.0,0.0,0.0,0.0,0.0,0.0,0.0,0.0,0.0,0.0,0.0,0.0,0.0,0.0,0.0,0.0,0.0,0.0,0.0,0.0,0.0,0.0,0.0,0.0,0.0,0.0,0.19375,0.0,0.0,0.0,0.0,0.0,0.0,0.0,0.0,0.0,0.0,0.0,0.0,0.0,0.0,0.0,0.0,0.0,0.0,0.0,0.05833333333333333,0.0,0.015816326530612244,0.0,0.0,0.023969072164948455,0.0,0.0,0.0,0.0,0.0,0.0,0.0,0.0,0.0,0.0,0.0,0.0,0.0,0.0,0.0,0.0,0.0,0.0,0.0,0.0,0.0,0.0,0.0,0.0,0.0,0.0,0.0,0.0,0.034444444444444444,0.0,0.051666666666666666,0.0,0.0,0.0,0.03229166666666666,0.0,0.0,0.0,0.0,0.03333333333333333,0.025,0.0,0.0,0.023969072164948455,0.0,0.0,0.0,0.24473684210526314,0.0
13,Luhans'ka oblast,UA-09,0.796875,0.9444444444444444,0.3836805555555555,0.08854166666666667,0.7378472222222222,1.0,0.8333333333333333,0.0,0.0,0.0,0.0,0.0,0.0,0.06028368794326241,0.0,0.0,0.0,0.0,0.0,0.0,0.0,0.0,0.0,0.0,0.0,0.0,0.0,0.0,0.0,0.0,0.0,0.0,0.0,0.0,0.0,0.0,0.0,0.0,0.0,0.0,0.0,0.0,0.0,0.0,0.0,0.0,0.0,0.0,0.0,0.0,0.0,0.0,0.34931506849315064,0.0,0.0,0.0,0.0,0.0,0.0,0.0,0.0,0.0,0.0,0.0,0.0,0.0,0.0,0.0,0.0,0.0,0.0,0.0,0.0,0.0,0.0,0.0,0.0,0.0,0.0,0.0,0.0,0.0,0.0,0.0,0.0,0.0,0.0,0.0,0.0,0.0,0.0,0.0,0.0,0.0,0.0,0.0,0.0,0.0,0.0,0.0,0.0,0.0,0.0,0.0,0.0,0.0,0.06028368794326241,0.0,0.0,0.0,0.0,0.0,0.0,0.0,0.0,0.0,0.0,0.0,0.01927437641723356,0.0,0.0,0.01927437641723356,0.0,0.0,0.0,0.039351851851851846,0.0
14,Lviv Oblast,UA-46,0.44117647058823534,0.8333333333333334,0.4901960784313726,0.07352941176470588,0.6127450980392157,1.0,0.9444444444444444,0.0,0.0,0.0,0.0,0.0,0.0,0.008417508417508417,0.0,0.0,0.0,0.0,0.0,0.0,0.008417508417508417,0.0,0.0,0.0,0.0,0.0,0.0,0.0,0.0,0.0,0.0,0.0,0.0,0.0,0.0,0.0,0.0,0.0,0.0,0.0,0.0,0.0,0.0,0.0,0.0,0.0,0.0,0.0,0.0,0.0,0.0,0.0,0.1706827309236948,0.0,0.0,0.0,0.0,0.0,0.0,0.0,0.0,0.0,0.0,0.0,0.017006802721088437,0.0,0.0,0.0,0.008417508417508417,0.0,0.0,0.0,0.1706827309236948,0.03663003663003663,0.04578754578754579,0.0,0.0,0.0,0.0,0.0,0.0,0.0,0.0,0.0,0.0,0.0,0.0,0.0,0.0,0.0,0.0,0.0,0.0,0.0,0.0,0.0,0.0,0.0,0.0,0.0,0.0,0.0,0.0,0.0,0.0,0.0,0.11363636363636365,0.0,0.0,0.0,0.0,0.010040160642570281,0.1606425702811245,0.0,0.0,0.02577319587628866,0.0,0.026041666666666668,0.008680555555555556,0.0,0.0,0.034722222222222224,0.0,0.0,0.0,0.12452107279693488,0.0
15,Mykolaivs'ka oblast,UA-48,0.4358974358974359,0.8461538461538461,0.358974358974359,0.02564102564102564,0.8974358974358975,1.0,0.717948717948718,0.0,0.0,0.0,0.0,0.0,0.0,0.01726844583987441,0.0,0.0,0.0,0.0,0.0,0.0,0.0,0.0,0.0,0.0,0.0,0.0,0.0,0.0,0.0,0.0,0.0,0.0,0.0,0.0,0.0,0.0,0.0,0.0,0.0,0.0,0.0,0.0,0.0,0.0,0.0,0.0,0.0,0.0,0.0,0.0,0.0,0.0,0.2386587771203156,0.0,0.0,0.0,0.0,0.0,0.0,0.0,0.0,0.0,0.0,0.0,0.0,0.0,0.0,0.0,0.0,0.0,0.0,0.0,0.0,0.0,0.05400981996726678,0.0,0.0,0.0,0.0,0.0,0.0,0.0,0.0,0.0,0.0,0.0,0.0,0.0,0.0,0.0,0.0,0.0,0.0,0.0,0.0,0.0,0.0,0.0,0.0,0.0,0.0,0.0,0.0,0.0,0.0,0.0,0.05400981996726678,0.0,0.0,0.0,0.0,0.0,0.0,0.0,0.0,0.0,0.0,0.017628205128205128,0.017628205128205128,0.0,0.0,0.05400981996726678,0.0,0.0,0.0,0.035256410256410256,0.0
16,Odessa Oblast,UA-51,0.44226044226044225,0.8108108108108107,0.49140049140049136,0.09828009828009827,0.6142506142506142,0.8918918918918919,1.0,0.0,0.0,0.0,0.0,0.0,0.0,0.0,0.0,0.0,0.0,0.0,0.0,0.0,0.0,0.0,0.0,0.0,0.0,0.0,0.0,0.0,0.0,0.0,0.0,0.0,0.0,0.0,0.0,0.0,0.0,0.0,0.0,0.0,0.0,0.0,0.0,0.0,0.0,0.0,0.0,0.0,0.0,0.0,0.0,0.0,0.13199245757385292,0.0,0.0,0.0,0.0,0.0,0.0,0.0,0.0,0.0,0.0,0.0,0.0,0.0,0.0,0.0,0.0,0.0,0.0,0.0,0.0,0.0,0.03378378378378378,0.0,0.0,0.0,0.0,0.0,0.0,0.0,0.0,0.0,0.0,0.0,0.0,0.0,0.0,0.0,0.0,0.0,0.0,0.0,0.0,0.0,0.0,0.0,0.0,0.0,0.0,0.0,0.0,0.0,0.0,0.0,0.061028770706190054,0.0,0.0,0.0,0.0,0.0,0.008190008190008188,0.0,0.0,0.008190008190008188,0.0,0.017436791630340016,0.043591979075850044,0.0,0.0,0.01654715940430226,0.0,0.0,0.0,0.15444015444015444,0.0
17,Poltavs'ka oblast,UA-53,0.42105263157894735,0.9736842105263158,0.4473684210526316,0.07894736842105263,0.7105263157894737,0.6578947368421053,1.0,0.0,0.0,0.0,0.0,0.0,0.0,0.0,0.0,0.0,0.0,0.0,0.0,0.0,0.0,0.0,0.0,0.0,0.0,0.0,0.0,0.0,0.0,0.0,0.0,0.0,0.0,0.0,0.0,0.0,0.0,0.0,0.0,0.0,0.0,0.0,0.0,0.0,0.0,0.0,0.0,0.0,0.0,0.0,0.0,0.0,0.1454930429522081,0.0,0.0,0.0,0.0,0.0,0.0,0.0,0.0,0.0,0.0,0.0,0.0,0.0,0.0,0.0,0.0,0.0,0.0,0.0,0.0,0.0,0.0,0.0,0.0,0.0,0.0,0.0,0.0,0.0,0.0,0.0,0.0,0.0,0.0,0.0,0.0,0.0,0.0,0.0,0.0,0.0,0.0,0.0,0.0,0.0,0.0,0.0,0.0,0.0,0.0,0.0,0.0,0.0,0.13277511961722488,0.0,0.0,0.0,0.0,0.0,0.030113944655453063,0.0,0.0,0.0,0.0,0.009835194045720362,0.0,0.0,0.0,0.06215005599104144,0.0,0.0,0.0,0.21373555840821568,0.0
18,Rivnens'ka oblast,UA-56,0.6329365079365079,0.8055555555555555,0.48908730158730157,0.17261904761904762,0.7767857142857142,1.0,0.9722222222222222,0.0,0.0,0.0,0.0,0.0,0.0,0.024914089347079033,0.0,0.0,0.0,0.0,0.0,0.0,0.0,0.0,0.0,0.0,0.0,0.0,0.0,0.0,0.0,0.0,0.0,0.0,0.0,0.0,0.0,0.0,0.0,0.0,0.0,0.0,0.0,0.0,0.0,0.0,0.0,0.0,0.0,0.024914089347079033,0.0,0.05672926447574334,0.0,0.0,0.27230046948356806,0.0,0.0,0.0,0.0,0.0,0.0,0.0,0.0,0.0,0.0,0.0,0.0,0.0,0.0,0.0,0.0,0.0,0.0,0.0,0.26851851851851855,0.0,0.0,0.0,0.0,0.024914089347079033,0.0,0.0,0.0,0.0,0.0,0.0,0.0,0.0,0.0,0.0,0.0,0.0,0.0,0.0,0.0,0.0,0.0,0.0,0.0,0.0,0.0,0.0,0.0,0.0,0.0,0.0,0.0,0.0,0.1392318244170096,0.0,0.04972565157750342,0.0,0.0,0.054924242424242424,0.054924242424242424,0.0,0.0,0.0,0.0,0.026556776556776556,0.05311355311355311,0.0,0.0,0.024914089347079033,0.0,0.0,0.0,0.07967032967032966,0.0
19,Sevastopol' city,UA-40,0.6738513896766875,0.8780487804878049,0.2450368689733409,0.061259217243335225,0.18377765173000568,1.0,0.5609756097560975,0.0,0.0,0.0,0.0,0.0,0.0,0.0,0.0,0.0,0.0,0.0,0.0,0.0,0.0,0.0,0.0,0.0,0.0,0.0,0.0,0.0,0.0,0.0,0.0,0.0,0.0,0.0,0.0,0.0,0.0,0.0,0.0,0.0,0.0,0.0,0.0,0.0,0.0,0.0,0.0,0.0,0.0,0.0,0.0,0.0,0.056045666839647124,0.0,0.0,0.0,0.0,0.0,0.0,0.0,0.0,0.0,0.0,0.0,0.0,0.0,0.0,0.0,0.0,0.0,0.0,0.0,0.0,0.0,0.0,0.0,0.0,0.0,0.0,0.0,0.0,0.0,0.0,0.0,0.0,0.0,0.0,0.0,0.0,0.0,0.0,0.0,0.0,0.0,0.0,0.0,0.0,0.0,0.0,0.0,0.0,0.0,0.0,0.0,0.0,0.0,0.0,0.0,0.0,0.0,0.0,0.0,0.0,0.0,0.0,0.0,0.0,0.0,0.056045666839647124,0.0,0.0,0.0,0.0,0.0,0.0,0.2476547842401501,0.0
20,Sums'ka oblast,UA-59,0.5625,1.0,0.4375,0.1875,0.9375,1.0,0.9411764705882353,0.0,0.0,0.0,0.0,0.0,0.0,0.02040816326530612,0.0,0.0,0.0,0.0,0.0,0.0,0.0,0.0,0.0,0.0,0.0,0.0,0.0,0.0,0.0,0.0,0.0,0.0,0.0,0.0,0.0,0.0,0.0,0.0,0.0,0.0,0.0,0.0,0.0,0.0,0.0,0.0,0.0,0.0,0.0,0.0,0.0,0.0,0.14942528735632182,0.0,0.0,0.0,0.0,0.0,0.0,0.0,0.0,0.0,0.0,0.0,0.0,0.0,0.0,0.0,0.0,0.0,0.0,0.0,0.0,0.0,0.0,0.0,0.0,0.0,0.0,0.0,0.0,0.0,0.0,0.0,0.0,0.0,0.0,0.0,0.0,0.0,0.0,0.0,0.0,0.0,0.0,0.0,0.0,0.0,0.0,0.0,0.0,0.0,0.0,0.0,0.0,0.0,0.020833333333333332,0.0,0.020833333333333332,0.0,0.0,0.0,0.0,0.0,0.0,0.0,0.0,0.0,0.02040816326530612,0.0,0.0,0.02040816326530612,0.0,0.0,0.0,0.07526881720430108,0.0
21,Ternopil's'ka oblast,UA-61,0.4473684210526316,0.8421052631578947,0.42105263157894735,0.15789473684210525,0.7631578947368421,0.7894736842105263,1.0,0.0,0.0,0.0,0.0,0.0,0.0,0.017185821697099892,0.0,0.0,0.0,0.0,0.0,0.0,0.0,0.0,0.0,0.0,0.0,0.0,0.0,0.0,0.0,0.0,0.0,0.0,0.0,0.0,0.0,0.0,0.0,0.0,0.0,0.0,0.0,0.0,0.0,0.0,0.017185821697099892,0.0,0.0,0.0,0.0,0.053981106612685556,0.0,0.0,0.18353576248313092,0.0,0.0,0.0,0.0,0.0,0.0,0.0,0.0,0.0,0.0,0.0,0.017185821697099892,0.0,0.0,0.0,0.0,0.0,0.0,0.0,0.07322654462242563,0.0,0.017185821697099892,0.0,0.0,0.0,0.0,0.0,0.0,0.0,0.0,0.0,0.0,0.0,0.0,0.0,0.0,0.0,0.0,0.0,0.0,0.0,0.0,0.0,0.0,0.0,0.0,0.0,0.0,0.0,0.0,0.0,0.0,0.01871345029239766,0.07485380116959064,0.0,0.0,0.0,0.0,0.0,0.16040100250626566,0.0,0.0,0.0,0.0,0.09791921664626684,0.03916768665850673,0.0,0.0,0.017185821697099892,0.0,0.0,0.0,0.07322654462242563,0.0
22,Vinnyts'ka oblast,UA-05,0.38006756756756754,0.8108108108108107,0.38006756756756754,0.05067567567567567,0.9121621621621622,0.8918918918918919,1.0,0.0,0.0,0.0,0.0,0.0,0.0,0.00819000819000819,0.0,0.0,0.0,0.0,0.00819000819000819,0.0,0.0,0.0,0.0,0.0,0.0,0.0,0.0,0.0,0.0,0.0,0.0,0.0,0.0,0.0,0.0,0.0,0.0,0.0,0.0,0.0,0.0,0.0,0.0,0.0,0.0,0.0,0.0,0.00819000819000819,0.0,0.0,0.0,0.0,0.13199245757385292,0.0,0.0,0.0,0.0,0.0,0.0,0.0,0.0,0.0,0.0,0.0,0.00819000819000819,0.0,0.0,0.0,0.0,0.0,0.0,0.0,0.025076623014767343,0.0,0.00819000819000819,0.0,0.0,0.0,0.0,0.0,0.0,0.0,0.0,0.0,0.0,0.0,0.0,0.0,0.0,0.0,0.0,0.0,0.0,0.0,0.0,0.0,0.0,0.0,0.0,0.0,0.0,0.0,0.0,0.0,0.0,0.0,0.09009009009009009,0.0,0.0,0.0,0.0,0.0,0.0801900801900802,0.0,0.0,0.00819000819000819,0.0,0.025337837837837836,0.008445945945945945,0.0,0.0,0.025076623014767343,0.0,0.0,0.0,0.19019019019019018,0.0
23,Volyns'ka oblast,UA-07,0.5253456221198156,0.857142857142857,0.608294930875576,0.08294930875576036,0.6912442396313363,1.0,0.9428571428571427,0.05714285714285714,0.0,0.0,0.0,0.0,0.0,0.0,0.0,0.0,0.0,0.0,0.026509572901325475,0.0,0.0,0.0,0.0,0.0,0.0,0.0,0.0,0.0,0.0,0.0,0.0,0.0,0.0,0.0,0.0,0.0,0.0,0.0,0.0,0.0,0.0,0.0,0.0,0.0,0.0,0.0,0.0,0.06451612903225805,0.0,0.062111801242236024,0.0,0.0,0.3229813664596273,0.0,0.0,0.0,0.0,0.0,0.0,0.0,0.0,0.0,0.0,0.0,0.026509572901325475,0.0,0.0,0.0,0.0,0.0,0.0,0.0,0.06451612903225805,0.0,0.0,0.0,0.0,0.0,0.0,0.0,0.0,0.0,0.0,0.0,0.0,0.0,0.0,0.0,0.0,0.0,0.0,0.0,0.0,0.0,0.0,0.0,0.0,0.0,0.0,0.0,0.0,0.0,0.0,0.0,0.0,0.0,0.12807881773399013,0.0,0.0,0.0,0.0,0.0,0.1881533101045296,0.0,0.0,0.0,0.0,0.06666666666666665,0.028571428571428564,0.0,0.0,0.0,0.0,0.0,0.0,0.16326530612244897,0.0
24,Zakarpats'ka oblast,UA-21,1.0,0.4186046511627907,0.3488372093023256,0.09302325581395349,0.46511627906976744,0.5116279069767442,0.6201550387596899,0.0,0.0,0.0,0.0,0.0,0.0,0.0,0.0,0.0,0.0,0.0,0.0,0.0,0.0,0.0,0.0,0.0,0.0,0.0,0.0,0.0,0.0,0.0,0.0,0.0,0.0,0.0,0.0,0.0,0.0,0.0,0.0,0.0,0.0,0.0,0.0,0.0,0.0,0.0,0.0,0.012946535602972908,0.0,0.02293724115960497,0.0,0.0,0.13188913666772856,0.0,0.0,0.0,0.0,0.0,0.0,0.0,0.0,0.0,0.0,0.0,0.00854295206454675,0.0,0.0,0.0,0.0,0.0,0.0,0.0,0.00854295206454675,0.0,0.0,0.0,0.0,0.0,0.0,0.0,0.0,0.0,0.0,0.0,0.0,0.0,0.0,0.0,0.0,0.0,0.0,0.0,0.0,0.0,0.0,0.0,0.0,0.0,0.0,0.0,0.0,0.0,0.0,0.0,0.0,0.0,0.05708245243128964,0.0,0.0,0.0,0.0,0.0,0.022031823745410038,0.0,0.0,0.00854295206454675,0.0,0.037209302325581395,0.009302325581395349,0.0,0.0,0.03150787696924231,0.0,0.0,0.0,0.022031823745410038,0.0
25,Zaporiz'ka oblast,UA-23,0.5409407665505226,0.6585365853658537,0.44686411149825783,0.09407665505226481,0.6114982578397212,0.7804878048780487,1.0,0.0,0.0,0.0,0.0,0.0,0.0,0.0,0.0,0.0,0.0,0.0,0.0,0.0,0.0,0.0,0.0,0.0,0.0,0.0,0.0,0.0,0.0,0.0,0.0,0.0,0.0,0.0,0.0,0.0,0.0,0.0,0.0,0.0,0.0,0.0,0.0,0.0,0.0,0.0,0.0,0.0,0.0,0.0,0.0,0.0,0.08139216223622911,0.0,0.0,0.0,0.0,0.0,0.0,0.0,0.0,0.0,0.0,0.0,0.0,0.0,0.0,0.0,0.0,0.0,0.0,0.0,0.0,0.0,0.027439024390243903,0.0,0.0,0.0066518847006651885,0.0,0.0,0.0,0.0,0.0,0.0,0.0,0.0,0.0,0.0,0.0,0.0,0.0,0.0,0.0,0.0,0.0,0.0,0.0,0.0,0.0,0.0,0.0,0.0,0.0,0.0,0.0,0.0,0.08139216223622911,0.0,0.0,0.0,0.0,0.0,0.0,0.0,0.0,0.0066518847006651885,0.0,0.0,0.0,0.0,0.0,0.0,0.0,0.0,0.0,0.08980044345898004,0.0
26,Zhytomyrs'ka oblast,UA-18,0.3620364550597109,0.972972972972973,0.2262727844123193,0.02262727844123193,0.6788183532369579,0.7297297297297297,1.0,0.0,0.0,0.0,0.0,0.0,0.0,0.0,0.0,0.0,0.0,0.0,0.0,0.0,0.0,0.0,0.0,0.0,0.0,0.0,0.0,0.0,0.0,0.0,0.0,0.0,0.0,0.0,0.0,0.0,0.0,0.0,0.0,0.0,0.0,0.0,0.0,0.0,0.0,0.0,0.0,0.0,0.0,0.0,0.0,0.0,0.17170111287758347,0.0,0.0,0.0,0.0,0.0,0.0,0.0,0.0,0.0,0.0,0.0,0.030091947617720813,0.0,0.0,0.0,0.0,0.0,0.0,0.0,0.030091947617720813,0.0,0.030091947617720813,0.0,0.0,0.0,0.0,0.0,0.0,0.0,0.0,0.0,0.0,0.0,0.0,0.0,0.0,0.0,0.0,0.0,0.0,0.0,0.0,0.0,0.0,0.0,0.0,0.0,0.0,0.0,0.0,0.0,0.0,0.0,0.051209103840682786,0.0,0.0,0.0,0.0,0.052878965922444184,0.03172737955346651,0.0,0.0,0.0,0.0,0.06559368357121166,0.03279684178560583,0.021864561190403888,0.0,0.0,0.0,0.0,0.0,0.21357943309162822,0.0
