,geoName,geoCode,a,the,and,be,of,in,to,Я йду,Я збираюся,Збиратися,від'їжджаючи від,переїзд до,відхід від,Подорожі,напрями до,як дістатися,як піти,найшвидший вихід за межі України,подорожувати,консультації з питань подорожей,Бігти,як далеко,більше не може залишатися тут,Я тут не в безпеці,небезпечна територія,будинок зруйнований,будинок згорів,де безпечно,безпечні місця для поїздки,який найбезпечніший маршрут до,мирний район України,де найбезпечніше місце в Україні,"областей, яких слід уникати в україні",притулки біля мене,табори біженців поблизу,екстрена допомога біля мене,допомога сша поруч зі мною,гуманітарна допомога ООН,американський червоний хрест,аварійне укриття,гуманітарна допомога поруч зі мною,де знаходиться найближча військова база,безпечний притулок,зона безпеки,перетин кордону,який кордон я повинен перетнути,легкий перетин кордону,притулок,як подати заяву про надання притулку,віза,як отримати візу,де отримати візу,паспорт,як отримати паспорт,де отримати паспорт,посольство біля мене,консульство біля мене,тимчасовий захист,"гостинні країни, що межують з Україною",де прогулятися через кордон?,як ви перетинаєте кордон?,дорожні умови,дорога закрита,дорога перекрита,трафік,найдешевші квитки на,найшвидші квитки на,бронювання квитка на,квитки на літак,рейси до,рейси за межі України,аеропорт біля мене,аеропорт,wizz air,ryanair,міжнародні авіалінії України,yanair,скайап,"авіакомпанії ""мотор січ""",авіакомпанії Jonika,bravo airways,бджолина авіакомпанія,іса повітря,повітряні океанські авіалінії,наступний рейс до,квитки на човен,човнів до,Одеський порт,порт Південний,Миколаївський порт,порт Чорноморськ,порт Рені,порт Ізмаїл,порт Усть-Дунайськ,Поромі,укрферрі,морський порт Батумі,як перетнути Чорне море,найшвидший шлях через Чорне море,квитки на автобус,Центральний автовокзал Києва,аль-транс,бенц експрес,наступного автобуса до,прокат автомобілів,квитки на поїзд,Укрзалізниця,залізничний вокзал біля мене,дарниця,залізниці України,наступним поїздом до,гуртожиток,готель,Мотель,тимчасове житло,airbnb,домовик,додому,Банкомат,зняття готівки,обмін валюти,ломбард,банки відкриті,кредитні картки,продуктові магазини біля мене,метро,станція метро «Хрещатик»
0,Cherkas'ka oblast,UA-71,0.5142857142857142,1.0,0.2571428571428571,0.22857142857142856,0.8571428571428571,0.725,0.775,0.0,0.0,0.0,0.0,0.0,0.0,0.0,0.0,0.0,0.0,0.0,0.041666666666666664,0.0,0.0,0.0,0.0,0.0,0.0,0.0,0.0,0.0,0.0,0.0,0.0,0.0,0.0,0.0,0.0,0.0,0.0,0.0,0.0,0.0,0.0,0.0,0.0,0.0,0.0,0.0,0.0,0.07526881720430108,0.0,0.0,0.0,0.0,0.13636363636363635,0.0,0.0,0.0,0.0,0.0,0.0,0.0,0.0,0.0,0.0,0.0,0.0,0.0,0.0,0.0,0.0,0.0,0.0,0.0,0.0,0.0,0.0,0.0,0.0,0.0,0.0,0.0,0.0,0.0,0.0,0.0,0.0,0.0,0.0,0.0,0.0,0.0,0.0,0.0,0.0,0.0,0.0,0.0,0.0,0.0,0.0,0.0,0.0,0.0,0.0,0.0,0.0,0.0,0.05434782608695653,0.0,0.03260869565217391,0.0,0.0,0.0,0.0,0.020408163265306124,0.0,0.0,0.0,0.0898876404494382,0.033707865168539325,0.0,0.0,0.0,0.0,0.0,0.0,0.041666666666666664,0.0
1,Chernihivs'ka oblast,UA-74,0.4594594594594595,1.0,0.4594594594594595,0.0,0.7837837837837838,0.6829268292682927,0.7560975609756098,0.0,0.0,0.0,0.0,0.0,0.0,0.0,0.0,0.0,0.0,0.0,0.0,0.0,0.04166666666666667,0.0,0.0,0.0,0.0,0.0,0.0,0.0,0.0,0.0,0.0,0.0,0.0,0.0,0.0,0.0,0.0,0.0,0.0,0.0,0.0,0.0,0.0,0.0,0.0,0.0,0.0,0.14942528735632185,0.0,0.0,0.0,0.0,0.16279069767441862,0.0,0.0,0.0,0.0,0.0,0.0,0.0,0.0,0.0,0.0,0.0,0.0,0.0,0.0,0.0,0.0,0.0,0.0,0.0,0.0,0.0,0.12359550561797754,0.0,0.0,0.0,0.0,0.0,0.0,0.0,0.0,0.0,0.0,0.0,0.0,0.0,0.0,0.0,0.0,0.0,0.0,0.0,0.0,0.0,0.0,0.0,0.0,0.0,0.0,0.0,0.0,0.0,0.0,0.0,0.05952380952380953,0.0,0.13095238095238093,0.0,0.0,0.0,0.05263157894736842,0.1111111111111111,0.0,0.0,0.0,0.12359550561797754,0.0,0.0,0.0,0.04166666666666667,0.0,0.0,0.0,0.0,0.0
2,Chernivets'ka oblast,UA-77,0.45714285714285713,1.0,0.42857142857142855,0.11428571428571428,0.8571428571428571,0.6578947368421053,0.9736842105263158,0.0,0.0,0.0,0.0,0.0,0.0,0.0,0.0,0.0,0.0,0.0,0.0,0.0,0.041666666666666664,0.0,0.0,0.0,0.0,0.0,0.0,0.0,0.0,0.0,0.0,0.0,0.0,0.0,0.0,0.0,0.0,0.0,0.0,0.0,0.0,0.0,0.0,0.0,0.0,0.0,0.0,0.0,0.0,0.0,0.0,0.0,0.12359550561797754,0.0,0.0,0.0,0.0,0.0,0.0,0.0,0.0,0.0,0.0,0.0,0.0,0.0,0.0,0.0,0.0,0.0,0.0,0.0,0.16279069767441862,0.0,0.0,0.0,0.0,0.0,0.0,0.0,0.0,0.0,0.0,0.0,0.0,0.0,0.0,0.0,0.0,0.0,0.0,0.0,0.0,0.0,0.0,0.0,0.0,0.0,0.0,0.0,0.0,0.0,0.0,0.0,0.0,0.05617977528089888,0.06741573033707865,0.0,0.0,0.0,0.0,0.0,0.06382978723404255,0.0,0.0,0.0,0.0,0.10714285714285714,0.03571428571428571,0.04761904761904762,0.0,0.06382978723404255,0.0,0.0,0.0,0.06382978723404255,0.0
3,Crimea,UA-43,0.34210526315789475,1.0,0.4473684210526316,0.02631578947368421,0.8157894736842105,0.558139534883721,0.7674418604651163,0.0,0.0,0.0,0.0,0.0,0.0,0.0,0.0,0.0,0.0,0.0,0.0,0.0,0.0,0.0,0.0,0.0,0.0,0.0,0.0,0.0,0.0,0.0,0.0,0.0,0.0,0.0,0.0,0.0,0.0,0.0,0.0,0.0,0.0,0.0,0.0,0.0,0.0,0.0,0.0,0.0,0.0,0.0,0.0,0.0,0.07526881720430108,0.0,0.0,0.0,0.0,0.0,0.0,0.0,0.0,0.0,0.0,0.0,0.0,0.0,0.0,0.0,0.0,0.0,0.0,0.0,0.0,0.0,0.0,0.0,0.0,0.0,0.0,0.0,0.0,0.0,0.0,0.0,0.0,0.0,0.0,0.0,0.0,0.0,0.0,0.0,0.0,0.0,0.0,0.0,0.0,0.0,0.0,0.0,0.0,0.0,0.0,0.0,0.0,0.0,0.0,0.0,0.0,0.0,0.0,0.0,0.0,0.0,0.0,0.0,0.0,0.0,0.041666666666666664,0.0,0.0,0.0,0.0,0.0,0.0,0.14942528735632185,0.0
4,Dnipropetrovsk Oblast,UA-12,0.4857142857142857,1.0,0.42857142857142855,0.05714285714285714,0.8857142857142857,0.7,0.8,0.0,0.0,0.03092783505154639,0.0,0.0,0.0,0.010101010101010102,0.0,0.0,0.0,0.0,0.010101010101010102,0.0,0.0,0.0,0.0,0.0,0.0,0.0,0.0,0.0,0.0,0.0,0.0,0.0,0.0,0.0,0.0,0.0,0.0,0.0,0.0,0.0,0.0,0.0,0.0,0.0,0.0,0.0,0.0,0.0,0.0,0.011111111111111112,0.0,0.0,0.1,0.0,0.0,0.0,0.0,0.0,0.0,0.0,0.0,0.0,0.0,0.0,0.0,0.0,0.0,0.0,0.0,0.0,0.0,0.0,0.07526881720430108,0.0,0.010101010101010102,0.0,0.0,0.0,0.0,0.0,0.0,0.0,0.0,0.0,0.0,0.0,0.0,0.0,0.0,0.0,0.0,0.0,0.0,0.0,0.0,0.0,0.0,0.0,0.0,0.0,0.0,0.0,0.0,0.0,0.0,0.0,0.12643678160919541,0.0,0.022988505747126436,0.0,0.0,0.0,0.010101010101010102,0.0,0.0,0.010101010101010102,0.0,0.03125,0.010416666666666666,0.0,0.0,0.041666666666666664,0.0,0.0,0.0,0.13636363636363635,0.0
5,Donetsk Oblast,UA-14,0.7333333333333333,0.9666666666666667,0.43333333333333335,0.2,1.0,0.9666666666666667,0.6792792792792793,0.0,0.0,0.0,0.0,0.0,0.0,0.0,0.0,0.0,0.0,0.0,0.050877192982456146,0.0,0.0,0.0,0.0,0.0,0.0,0.0,0.0,0.0,0.0,0.0,0.0,0.0,0.0,0.0,0.0,0.0,0.0,0.0,0.0,0.0,0.0,0.0,0.0,0.0,0.0,0.0,0.0,0.0,0.0,0.0,0.0,0.0,0.2569620253164557,0.0,0.0,0.0,0.0,0.0,0.0,0.0,0.0,0.0,0.0,0.0,0.0,0.0,0.0,0.0,0.0,0.0,0.0,0.0,0.0,0.0,0.08405797101449276,0.0,0.0,0.0,0.0,0.0,0.0,0.0,0.0,0.0,0.0,0.0,0.0,0.0,0.0,0.0,0.0,0.0,0.0,0.0,0.0,0.0,0.0,0.0,0.0,0.0,0.0,0.0,0.0,0.0,0.0,0.0,0.1841269841269841,0.0,0.0,0.0,0.0,0.0,0.0,0.0,0.0,0.0,0.0,0.0,0.0,0.0,0.0,0.0,0.0,0.0,0.0,0.07275985663082436,0.0
6,Ivano-Frankivs'ka oblast,UA-26,0.45714285714285713,1.0,0.5142857142857142,0.11428571428571428,0.7714285714285715,0.9166666666666667,0.8611111111111112,0.0,0.0,0.0,0.0,0.0,0.0,0.0,0.0,0.0,0.09890109890109891,0.0,0.0,0.0,0.020408163265306124,0.0,0.0,0.0,0.0,0.0,0.0,0.0,0.0,0.0,0.0,0.0,0.0,0.0,0.0,0.0,0.0,0.0,0.0,0.0,0.0,0.0,0.0,0.0,0.03092783505154639,0.0,0.0,0.0,0.0,0.038461538461538464,0.0,0.0,0.24358974358974358,0.0,0.0,0.0,0.0,0.0,0.0,0.0,0.0,0.0,0.0,0.0,0.0,0.0,0.0,0.0,0.0,0.0,0.0,0.0,0.06382978723404255,0.0,0.0,0.0,0.0,0.0,0.0,0.0,0.0,0.0,0.0,0.0,0.0,0.0,0.0,0.0,0.0,0.0,0.0,0.0,0.0,0.0,0.0,0.0,0.0,0.0,0.0,0.0,0.0,0.0,0.0,0.0,0.0,0.0,0.07228915662650603,0.0,0.13253012048192772,0.0,0.0,0.0,0.16279069767441862,0.06741573033707865,0.0,0.0,0.05617977528089888,0.06382978723404255,0.0,0.0,0.0,0.020408163265306124,0.0,0.0,0.0,0.09890109890109891,0.0
7,Kharkiv Oblast,UA-63,0.41025641025641024,1.0,0.358974358974359,0.10256410256410256,0.6923076923076923,0.5714285714285714,0.8095238095238095,0.0,0.0,0.0,0.0,0.0,0.0,0.0,0.0,0.0,0.0,0.0,0.02040816326530612,0.0,0.0,0.0,0.0,0.0,0.0,0.0,0.0,0.0,0.0,0.0,0.0,0.0,0.0,0.0,0.0,0.0,0.0,0.0,0.0,0.0,0.0,0.0,0.0,0.0,0.0,0.0,0.0,0.0,0.0,0.0,0.0,0.0,0.1764705882352941,0.0,0.0,0.0,0.0,0.0,0.0,0.0,0.0,0.0,0.0,0.0,0.0,0.0,0.0,0.0,0.0,0.0,0.0,0.0,0.0,0.0,0.0,0.0,0.0,0.0,0.0,0.0,0.0,0.0,0.0,0.0,0.0,0.0,0.0,0.0,0.0,0.0,0.0,0.0,0.0,0.0,0.0,0.0,0.0,0.0,0.0,0.0,0.0,0.0,0.0,0.0,0.0,0.011111111111111112,0.1,0.0,0.0,0.0,0.0,0.0,0.0,0.0101010101010101,0.0,0.0,0.0,0.041666666666666664,0.0,0.0,0.0,0.0101010101010101,0.0,0.0,0.0,0.3333333333333333,0.0
8,Khersons'ka oblast,UA-65,0.0,0.5116279069767442,0.5730232558139534,0.4706976744186046,0.4911627906976744,1.0,0.813953488372093,0.0,0.0,0.0,0.0,0.0,0.0,0.28779069767441856,0.0,0.0,0.0,0.0,0.0,0.0,0.0,0.0,0.0,0.0,0.0,0.0,0.0,0.0,0.0,0.0,0.0,0.0,0.0,0.0,0.0,0.0,0.0,0.0,0.0,0.0,0.0,0.0,0.0,0.0,0.0,0.0,0.0,0.0,0.0,0.0,0.0,0.0,0.9501661129568106,0.0,0.0,0.0,0.0,0.0,0.0,0.0,0.0,0.0,0.0,0.0,0.0,0.0,0.0,0.0,0.0,0.0,0.0,0.0,0.3555380370516358,0.0,0.0,0.0,0.0,0.0,0.0,0.0,0.0,0.0,0.0,0.0,0.0,0.0,0.0,0.0,0.0,0.0,0.0,0.0,0.0,0.0,0.0,0.0,0.0,0.0,0.0,0.0,0.0,0.0,0.0,0.0,0.0,0.40199335548172754,0.0,0.0,0.0,0.0,0.0,0.2519958347795904,0.0,0.0,0.0,0.0,0.0,0.0,0.0,0.0,0.0,0.5116279069767442,0.0,0.0,0.0,0.0,0.0
9,Khmel'nyts'ka oblast,UA-68,0.3333333333333333,1.0,0.2619047619047619,0.09523809523809523,0.6904761904761905,0.7894736842105264,0.8421052631578948,0.0,0.0,0.0,0.0,0.0,0.0,0.0,0.03260869565217391,0.0,0.05434782608695652,0.0,0.0,0.0,0.0,0.0,0.0,0.0,0.0,0.0,0.0,0.0,0.0,0.0,0.0,0.0,0.0,0.0,0.0,0.0,0.0,0.0,0.0,0.0,0.0,0.0,0.0,0.0,0.0,0.0,0.0,0.0,0.0,0.0,0.0,0.0,0.09890109890109891,0.0,0.0,0.0,0.0,0.0,0.0,0.0,0.0,0.0,0.0,0.0,0.0,0.0,0.0,0.0,0.0,0.0,0.0,0.0,0.05263157894736842,0.0,0.030927835051546393,0.0,0.0,0.0,0.0,0.0,0.06382978723404256,0.0,0.0,0.0,0.0,0.0,0.0,0.0,0.0,0.0,0.0,0.0,0.0,0.0,0.0,0.0,0.0,0.0,0.0,0.0,0.0,0.0,0.0,0.0,0.0,0.0,0.11111111111111112,0.0,0.0,0.0,0.0,0.0,0.07526881720430108,0.06666666666666667,0.0,0.0,0.044444444444444446,0.041666666666666664,0.0,0.0,0.0,0.09890109890109891,0.0,0.0,0.0,0.041666666666666664,0.0
10,Kirovohrads'ka oblast,UA-35,0.5277777777777778,1.0,0.3055555555555556,0.05555555555555555,0.8888888888888888,0.5581395348837209,0.7674418604651163,0.0,0.0,0.0,0.0,0.0,0.0,0.0,0.0,0.0,0.0,0.0,0.0,0.0,0.0,0.0,0.0,0.0,0.0,0.0,0.0,0.0,0.0,0.0,0.0,0.0,0.0,0.0,0.0,0.0,0.0,0.0,0.0,0.0,0.0,0.0,0.0,0.0,0.0,0.0,0.0,0.0,0.0,0.0,0.0,0.0,0.14942528735632185,0.0,0.0,0.0,0.0,0.0,0.0,0.0,0.0,0.0,0.0,0.0,0.0,0.0,0.0,0.0,0.0,0.0,0.0,0.0,0.0,0.0,0.0,0.0,0.0,0.0,0.0,0.0,0.0,0.0,0.0,0.0,0.0,0.0,0.0,0.0,0.0,0.0,0.0,0.0,0.0,0.0,0.0,0.0,0.0,0.0,0.0,0.0,0.0,0.0,0.0,0.0,0.0,0.0,0.26582278481012656,0.0,0.0,0.0,0.0,0.0,0.1111111111111111,0.0,0.0,0.0,0.0,0.0,0.052631578947368425,0.0,0.0,0.041666666666666664,0.0,0.0,0.0,0.12359550561797754,0.0
11,Kyiv city,UA-30,0.4342105263157895,0.868421052631579,0.40866873065015485,0.07662538699690404,0.7662538699690403,0.7631578947368421,1.0,0.0,0.0,0.0,0.0,0.0,0.0,0.0,0.0,0.0,0.0,0.0,0.0,0.0,0.0,0.0,0.0,0.0,0.0,0.0,0.0,0.0,0.0,0.0,0.0,0.0,0.0,0.0,0.0,0.0,0.0,0.0,0.0,0.0,0.0,0.0,0.0,0.0,0.0,0.0,0.0,0.0,0.0,0.0,0.0,0.0,0.0858877964141122,0.0,0.0,0.0,0.0,0.008771929824561405,0.0,0.0,0.0,0.0,0.0,0.0,0.008771929824561405,0.0,0.0,0.0,0.0,0.0,0.0,0.0,0.008771929824561405,0.0,0.0,0.0,0.0,0.0,0.0,0.0,0.0,0.0,0.0,0.0,0.0,0.0,0.0,0.0,0.0,0.0,0.0,0.0,0.0,0.0,0.0,0.0,0.0,0.0,0.0,0.0,0.0,0.0,0.0,0.0,0.0,0.0,0.12406015037593987,0.0,0.04135338345864662,0.0,0.0,0.0,0.045706371191135735,0.008771929824561405,0.0,0.0,0.0,0.008952794357026587,0.017905588714053174,0.0,0.0,0.017722878625134265,0.0,0.0,0.0,0.42772977219167324,0.0
12,Kyivs'ka oblast,UA-32,0.34146341463414637,1.0,0.3902439024390244,0.04878048780487805,0.6585365853658537,0.6190476190476191,0.7619047619047619,0.0,0.0,0.0,0.0,0.0,0.0,0.0,0.0,0.0,0.0,0.0,0.0,0.0,0.0,0.0,0.0,0.0,0.0,0.0,0.0,0.0,0.0,0.0,0.0,0.0,0.0,0.0,0.0,0.0,0.0,0.0,0.0,0.0,0.0,0.0,0.0,0.0,0.010101010101010102,0.0,0.0,0.0,0.0,0.011235955056179775,0.011235955056179775,0.0,0.10112359550561799,0.010101010101010102,0.0,0.0,0.0,0.0,0.0,0.0,0.0,0.0,0.0,0.0,0.0,0.0,0.0,0.0,0.0,0.0,0.0,0.0,0.041666666666666664,0.0,0.010309278350515464,0.0,0.020618556701030927,0.0,0.0,0.0,0.0,0.0,0.0,0.0,0.0,0.0,0.0,0.0,0.0,0.0,0.0,0.0,0.0,0.0,0.0,0.0,0.0,0.0,0.0,0.010101010101010102,0.0,0.0,0.0,0.0,0.0,0.0,0.06593406593406594,0.0,0.03296703296703297,0.0,0.0,0.0,0.08695652173913043,0.010101010101010102,0.0,0.0,0.0,0.05376344086021505,0.01075268817204301,0.01075268817204301,0.0,0.052631578947368425,0.0,0.0,0.0,0.26582278481012656,0.0
13,Luhans'ka oblast,UA-09,0.48275862068965514,0.7241379310344828,0.28965517241379307,0.14482758620689654,0.7724137931034483,0.2681992337164751,0.3486590038314176,0.0,0.0,0.0,0.0,0.0,0.0,0.0,0.0,0.0,0.0,0.0,0.0,0.0,0.0,0.0,0.0,0.0,0.0,0.0,0.0,0.0,0.0,0.0,0.0,0.0,0.0,0.0,0.0,0.0,0.0,0.0,0.0,0.0,0.0,0.0,0.0,0.0,0.0,0.0,0.0,0.0,0.0,0.0,0.0,0.0,1.0,0.0,0.0,0.0,0.0,0.0,0.0,0.0,0.0,0.0,0.0,0.0,0.0,0.0,0.0,0.0,0.0,0.0,0.0,0.0,0.0,0.0,0.0,0.0,0.0,0.0,0.0,0.0,0.0,0.0,0.0,0.0,0.0,0.0,0.0,0.0,0.0,0.0,0.0,0.0,0.0,0.0,0.0,0.0,0.0,0.0,0.0,0.0,0.0,0.0,0.0,0.0,0.0,0.0,0.3566649511065363,0.0,0.0,0.0,0.0,0.0,0.0,0.1924923614142296,0.0,0.0,0.0,0.0,0.0,0.0,0.0,0.1483174075612796,0.0,0.0,0.0,0.0,0.0
14,Lviv Oblast,UA-46,0.410989010989011,0.8461538461538463,0.3868131868131868,0.07252747252747253,0.7010989010989012,0.717948717948718,1.0,0.0,0.0,0.0,0.0,0.0,0.0,0.017446471054718478,0.0,0.008723235527359239,0.0,0.0,0.0,0.0,0.0,0.0,0.0,0.0,0.0,0.0,0.0,0.0,0.0,0.0,0.0,0.0,0.0,0.0,0.0,0.0,0.0,0.0,0.0,0.0,0.0,0.0,0.0,0.0,0.008547008547008548,0.0,0.0,0.008547008547008548,0.0,0.0,0.0,0.0,0.104580812445981,0.0,0.0,0.0,0.0,0.0,0.0,0.0,0.0,0.0,0.0,0.0,0.017268445839874413,0.0,0.0,0.0,0.0,0.0,0.0,0.0,0.04453441295546559,0.0,0.008547008547008548,0.0,0.0,0.0,0.0,0.0,0.0,0.0,0.0,0.0,0.0,0.0,0.0,0.0,0.0,0.0,0.0,0.0,0.0,0.0,0.0,0.0,0.0,0.0,0.0,0.0,0.0,0.0,0.0,0.0,0.0,0.0,0.07357859531772576,0.0,0.0,0.0,0.0,0.0,0.104580812445981,0.0,0.0,0.008547008547008548,0.0,0.08855098389982112,0.03935599284436494,0.009838998211091235,0.0,0.04453441295546559,0.0,0.0,0.0,0.054009819967266774,0.0
15,Mykolaivs'ka oblast,UA-48,0.5862068965517241,1.0,0.6206896551724138,0.27586206896551724,0.9655172413793104,0.7749999999999999,0.725,0.0,0.0,0.0,0.0,0.0,0.0,0.07526881720430106,0.0,0.0,0.0,0.0,0.0,0.0,0.06382978723404255,0.0,0.0,0.0,0.0,0.0,0.0,0.0,0.0,0.0,0.0,0.0,0.0,0.0,0.0,0.0,0.0,0.0,0.0,0.0,0.0,0.0,0.0,0.0,0.14942528735632182,0.0,0.0,0.0,0.0,0.0,0.0,0.0,0.29870129870129875,0.0,0.0,0.0,0.0,0.0,0.0,0.0,0.0,0.0,0.0,0.0,0.0,0.0,0.0,0.0,0.0,0.0,0.0,0.0,0.0,0.0,0.0,0.0,0.0,0.0,0.0,0.0,0.0,0.0,0.0,0.0,0.0,0.0,0.0,0.0,0.0,0.0,0.0,0.0,0.0,0.0,0.0,0.0,0.0,0.0,0.0,0.0,0.0,0.0,0.0,0.0,0.0,0.0,0.13636363636363635,0.0,0.0,0.0,0.0,0.0,0.09890109890109888,0.28205128205128205,0.0,0.0,0.0,0.09890109890109888,0.0,0.0,0.0,0.2658227848101266,0.0,0.0,0.0,0.12359550561797752,0.0
16,Odessa Oblast,UA-51,0.5555555555555556,1.0,0.3888888888888889,0.08333333333333333,0.75,0.7105263157894737,0.9210526315789473,0.0,0.0,0.0,0.0,0.0,0.0,0.0,0.0,0.0,0.0,0.0,0.0,0.0,0.0,0.0,0.0,0.0,0.0,0.0,0.0,0.0,0.0,0.0,0.0,0.0,0.0,0.0,0.0,0.0,0.0,0.0,0.0,0.0,0.0,0.0,0.0,0.0,0.0,0.0,0.0,0.0,0.0,0.011494252873563218,0.0,0.0,0.13793103448275862,0.0,0.0,0.0,0.0,0.0,0.0,0.0,0.0,0.0,0.0,0.0,0.0,0.0,0.0,0.0,0.0,0.0,0.0,0.0,0.0,0.0,0.0,0.0,0.0,0.010101010101010102,0.0,0.0,0.0,0.0,0.0,0.0,0.0,0.0,0.0,0.0,0.0,0.0,0.0,0.0,0.0,0.0,0.0,0.0,0.0,0.0,0.0,0.0,0.0,0.0,0.0,0.0,0.0,0.02127659574468085,0.0425531914893617,0.0,0.0,0.0,0.0,0.0,0.0,0.0,0.0,0.0,0.0,0.04395604395604395,0.054945054945054944,0.0,0.0,0.020408163265306124,0.0,0.0,0.0,0.13636363636363635,0.0
17,Poltavs'ka oblast,UA-53,0.40540540540540543,1.0,0.43243243243243246,0.16216216216216217,0.7027027027027027,0.625,0.875,0.0,0.0,0.0,0.0,0.0,0.0,0.0,0.0,0.0,0.02040816326530612,0.0,0.0,0.0,0.0,0.03092783505154639,0.0,0.0,0.0,0.0,0.0,0.0,0.0,0.0,0.0,0.0,0.0,0.0,0.0,0.0,0.0,0.0,0.0,0.0,0.0,0.0,0.0,0.0,0.0,0.0,0.0,0.0,0.0,0.011764705882352941,0.0,0.0,0.16470588235294117,0.0,0.0,0.0,0.0,0.0,0.0,0.0,0.0,0.0,0.0,0.0,0.0,0.0,0.0,0.0,0.0,0.0,0.0,0.0,0.0,0.0,0.0,0.0,0.0,0.0,0.0,0.0,0.0,0.0,0.0,0.0,0.0,0.0,0.0,0.0,0.0,0.0,0.0,0.0,0.0,0.0,0.0,0.0,0.0,0.0,0.0,0.0,0.0,0.0,0.0,0.0,0.0,0.0,0.12359550561797754,0.0,0.0,0.0,0.0,0.0,0.06382978723404256,0.0,0.0,0.0,0.0,0.04166666666666667,0.0,0.0,0.0,0.05263157894736842,0.0,0.0,0.0,0.14942528735632185,0.0
18,Rivnens'ka oblast,UA-56,0.4722222222222222,1.0,0.5277777777777778,0.1111111111111111,0.6666666666666666,0.5952380952380952,0.7857142857142857,0.0,0.0,0.0,0.0,0.0,0.0,0.0,0.0,0.0,0.0,0.0,0.0,0.0,0.0,0.052631578947368425,0.0,0.0,0.0,0.0,0.0,0.0,0.0,0.0,0.0,0.0,0.0,0.0,0.0,0.0,0.0,0.0,0.0,0.0,0.0,0.0,0.0,0.0,0.0,0.0,0.0,0.0,0.0,0.0,0.0,0.0,0.08695652173913043,0.0,0.0,0.0,0.0,0.0,0.0,0.0,0.0,0.0,0.0,0.0,0.07526881720430106,0.0,0.0,0.0,0.0,0.0,0.0,0.0,0.12359550561797754,0.0,0.030927835051546393,0.0,0.0,0.06896551724137931,0.0,0.0,0.08045977011494253,0.0,0.0,0.0,0.0,0.0,0.0,0.0,0.0,0.0,0.0,0.0,0.0,0.0,0.0,0.0,0.0,0.0,0.0,0.0,0.0,0.0,0.0,0.0,0.0,0.03614457831325301,0.060240963855421686,0.0,0.10843373493975904,0.0,0.0,0.0,0.13636363636363635,0.0,0.0,0.030927835051546393,0.0,0.052631578947368425,0.0,0.0,0.0,0.0,0.0,0.0,0.0,0.19047619047619047,0.0
19,Sevastopol' city,UA-40,0.24444444444444444,1.0,0.28888888888888886,0.0,0.6888888888888889,0.6226415094339622,0.2641509433962264,0.0,0.0,0.0,0.0,0.0,0.0,0.0,0.0,0.0,0.0,0.0,0.0,0.0,0.0,0.0,0.0,0.0,0.0,0.0,0.0,0.0,0.0,0.0,0.0,0.0,0.0,0.0,0.0,0.0,0.0,0.0,0.0,0.0,0.0,0.0,0.0,0.0,0.0,0.0,0.0,0.0,0.0,0.0,0.0,0.0,0.0,0.0,0.0,0.0,0.0,0.0,0.0,0.0,0.0,0.0,0.0,0.0,0.0,0.0,0.0,0.0,0.0,0.0,0.0,0.0,0.25,0.0,0.0,0.0,0.0,0.0,0.0,0.0,0.0,0.0,0.0,0.0,0.0,0.0,0.0,0.0,0.0,0.0,0.0,0.0,0.0,0.0,0.0,0.0,0.0,0.0,0.0,0.0,0.0,0.0,0.0,0.0,0.0,0.0,0.0,0.0,0.0,0.0,0.0,0.0,0.0,0.0,0.0,0.09890109890109891,0.0,0.0,0.0,0.0,0.0,0.0,0.0,0.0,0.0,0.0,0.0
20,Sums'ka oblast,UA-59,0.47368421052631576,1.0,0.3684210526315789,0.0,0.7894736842105263,0.47058823529411764,0.4901960784313726,0.0,0.0,0.0,0.0,0.0,0.0,0.0,0.0,0.0,0.0,0.0,0.0,0.0,0.0,0.0,0.0,0.0,0.0,0.0,0.0,0.0,0.0,0.0,0.0,0.0,0.0,0.0,0.0,0.0,0.0,0.0,0.0,0.0,0.0,0.0,0.0,0.0,0.0,0.0,0.0,0.0,0.0,0.0,0.0,0.0,0.0,0.0,0.0,0.0,0.0,0.0,0.0,0.0,0.0,0.0,0.0,0.0,0.0,0.0,0.0,0.0,0.0,0.0,0.0,0.0,0.06382978723404255,0.0,0.0,0.0,0.0,0.0,0.0,0.0,0.0,0.0,0.0,0.0,0.0,0.0,0.0,0.0,0.0,0.0,0.0,0.0,0.0,0.0,0.0,0.0,0.0,0.0,0.0,0.0,0.0,0.0,0.0,0.0,0.0,0.0,0.0898876404494382,0.0,0.033707865168539325,0.0,0.0,0.0,0.06382978723404255,0.0,0.0,0.0,0.0,0.05263157894736842,0.0,0.0,0.0,0.041666666666666664,0.0,0.0,0.0,0.11111111111111112,0.0
21,Ternopil's'ka oblast,UA-61,0.4857142857142857,1.0,0.4,0.08571428571428572,0.8857142857142857,1.0,0.8285714285714286,0.02857142857142857,0.0,0.0,0.0,0.0,0.0,0.13636363636363635,0.0,0.0,0.0,0.0,0.0,0.0,0.0,0.0,0.0,0.0,0.0,0.0,0.0,0.0,0.0,0.0,0.0,0.0,0.0,0.0,0.0,0.0,0.0,0.0,0.0,0.0,0.0,0.0,0.0,0.0,0.0,0.0,0.0,0.06382978723404255,0.0,0.0,0.0,0.0,0.13636363636363635,0.0,0.0,0.0,0.0,0.0,0.0,0.0,0.0,0.0,0.0,0.0,0.0,0.0,0.0,0.0,0.0,0.0,0.0,0.0,0.041666666666666664,0.0,0.0,0.0,0.0,0.0,0.0,0.0,0.0,0.0,0.0,0.0,0.0,0.0,0.0,0.0,0.0,0.0,0.0,0.0,0.0,0.0,0.0,0.0,0.0,0.0,0.0,0.06382978723404255,0.0,0.0,0.0,0.0,0.0,0.03296703296703297,0.06593406593406594,0.0,0.0,0.0,0.0,0.03333333333333333,0.07777777777777778,0.0,0.0,0.0,0.0,0.08695652173913045,0.0,0.0,0.0,0.0,0.0,0.0,0.0,0.03092783505154639,0.0
22,Vinnyts'ka oblast,UA-05,0.5294117647058824,1.0,0.4411764705882353,0.20588235294117646,0.7647058823529411,0.8333333333333333,0.9444444444444443,0.0,0.0,0.0,0.0,0.0,0.0,0.0,0.06382978723404256,0.0,0.0,0.0,0.04166666666666667,0.0,0.0,0.0,0.0,0.0,0.0,0.0,0.0,0.0,0.0,0.0,0.0,0.0,0.0,0.0,0.0,0.0,0.0,0.0,0.0,0.0,0.0,0.0,0.0,0.0,0.0,0.0,0.0,0.0,0.0,0.0,0.0,0.0,0.0989010989010989,0.0,0.0,0.0,0.0,0.0,0.0,0.0,0.0,0.0,0.0,0.0,0.0,0.0,0.0,0.0,0.0,0.0,0.0,0.0,0.030927835051546386,0.05263157894736842,0.0,0.0,0.0,0.0,0.0,0.0,0.030927835051546386,0.0,0.0,0.0,0.0,0.0,0.0,0.0,0.0,0.0,0.0,0.0,0.0,0.0,0.0,0.0,0.0,0.0,0.0,0.0,0.0,0.0,0.0,0.0,0.0,0.0,0.1264367816091954,0.0,0.022988505747126436,0.0,0.0,0.0,0.08695652173913043,0.0,0.0,0.02040816326530612,0.0,0.030927835051546386,0.0,0.0,0.0,0.02040816326530612,0.0,0.0,0.0,0.16279069767441862,0.0
23,Volyns'ka oblast,UA-07,0.5128205128205128,1.0,0.28205128205128205,0.10256410256410256,0.6666666666666666,0.7142857142857143,0.6666666666666666,0.0,0.0,0.0,0.0,0.0,0.0,0.0,0.0,0.0,0.06382978723404256,0.0,0.0,0.0,0.041666666666666664,0.0,0.0,0.0,0.0,0.0,0.0,0.0,0.0,0.0,0.0,0.0,0.0,0.0,0.0,0.0,0.0,0.0,0.0,0.0,0.0,0.0,0.0,0.0,0.07526881720430108,0.0,0.0,0.0,0.0,0.05128205128205128,0.0,0.0,0.23076923076923078,0.0,0.0,0.0,0.0,0.0,0.0,0.0,0.0,0.0,0.0,0.0,0.0,0.0,0.0,0.0,0.0,0.0,0.0,0.0,0.0,0.0,0.0,0.0,0.0,0.0,0.0,0.0,0.0,0.0,0.0,0.0,0.0,0.0,0.0,0.0,0.0,0.0,0.0,0.0,0.0,0.0,0.0,0.0,0.0,0.0,0.0,0.0,0.0,0.0,0.0,0.0,0.0,0.0,0.08695652173913043,0.0,0.0,0.0,0.0,0.0,0.06382978723404256,0.041666666666666664,0.0,0.0,0.0,0.08695652173913043,0.0,0.0,0.0,0.0,0.0,0.0,0.0,0.06382978723404256,0.0
24,Zakarpats'ka oblast,UA-21,1.0,0.8,0.3142857142857143,0.08571428571428572,0.6571428571428571,0.7555555555555556,0.6666666666666666,0.0,0.0,0.0,0.0,0.0,0.0,0.0,0.0,0.0,0.0,0.0,0.0,0.0,0.0,0.0,0.0,0.0,0.0,0.0,0.0,0.0,0.0,0.0,0.0,0.0,0.0,0.0,0.0,0.0,0.0,0.0,0.0,0.0,0.0,0.0,0.0,0.0,0.03333333333333333,0.0,0.0,0.0,0.0,0.02666666666666667,0.0,0.0,0.06222222222222223,0.0,0.0,0.0,0.0,0.0,0.0,0.0,0.0,0.0,0.0,0.0,0.0,0.0,0.0,0.0,0.0,0.0,0.0,0.0,0.0,0.0,0.0,0.0,0.0,0.0,0.0,0.0,0.0,0.0,0.0,0.0,0.0,0.0,0.0,0.0,0.0,0.0,0.0,0.0,0.0,0.0,0.0,0.0,0.0,0.0,0.0,0.0,0.0,0.0,0.0,0.0,0.0,0.0,0.06021505376344086,0.0,0.0,0.0,0.0,0.0,0.175609756097561,0.0,0.0,0.0,0.0,0.07912087912087912,0.0,0.0,0.0,0.07912087912087912,0.0,0.0,0.0,0.03333333333333333,0.0
25,Zaporiz'ka oblast,UA-23,0.5277777777777778,1.0,0.3055555555555556,0.05555555555555555,0.8888888888888888,0.675,0.825,0.0,0.0,0.0,0.0,0.0,0.0,0.08695652173913043,0.0,0.0,0.0,0.0,0.0,0.0,0.0,0.0,0.0,0.0,0.0,0.0,0.0,0.0,0.0,0.0,0.0,0.0,0.0,0.0,0.0,0.0,0.0,0.0,0.0,0.0,0.0,0.0,0.0,0.0,0.0,0.0,0.0,0.0,0.0,0.0,0.0,0.0,0.1764705882352941,0.0,0.0,0.0,0.0,0.0,0.0,0.0,0.0,0.0,0.0,0.0,0.0,0.0,0.0,0.0,0.0,0.0,0.0,0.0,0.0,0.0,0.0,0.0,0.0,0.0,0.0,0.0,0.0,0.0,0.0,0.0,0.0,0.0,0.0,0.0,0.0,0.0,0.0,0.0,0.0,0.0,0.0,0.0,0.0,0.0,0.0,0.0,0.0,0.0,0.0,0.0,0.0,0.0,0.07526881720430106,0.0,0.0,0.0,0.0,0.09411764705882353,0.08235294117647059,0.033707865168539325,0.0,0.0898876404494382,0.0,0.1111111111111111,0.0,0.0,0.0,0.0,0.0,0.0,0.0,0.07526881720430106,0.0
26,Zhytomyrs'ka oblast,UA-18,0.33260233918128657,0.9722222222222223,0.358187134502924,0.07675438596491228,0.8187134502923977,0.8055555555555556,1.0,0.0,0.0,0.0,0.0,0.0,0.0,0.0,0.0,0.0,0.06205673758865248,0.0,0.0,0.0,0.0,0.0,0.0,0.0,0.0,0.0,0.0,0.0,0.0,0.0,0.0,0.0,0.0,0.0,0.0,0.0,0.0,0.0,0.0,0.0,0.0,0.0,0.0,0.0,0.04050925925925926,0.0,0.0,0.0,0.0,0.060763888888888895,0.0,0.0,0.18229166666666669,0.0,0.0,0.0,0.0,0.0,0.0,0.0,0.0,0.0,0.0,0.0,0.1325757575757576,0.0,0.0,0.0,0.0,0.0,0.0,0.0,0.0,0.0,0.030068728522336774,0.0,0.0,0.0,0.0,0.0,0.0,0.0,0.0,0.0,0.0,0.0,0.0,0.0,0.0,0.0,0.0,0.0,0.0,0.0,0.0,0.0,0.0,0.0,0.0,0.0,0.0,0.0,0.0,0.0,0.0,0.0,0.09615384615384616,0.0,0.0,0.0,0.0,0.0,0.06205673758865248,0.0,0.0,0.0,0.0,0.12016229712858927,0.0,0.0,0.0,0.08454106280193238,0.0,0.0,0.0,0.12016229712858927,0.0
